[gameSettings]
gameName=ESI Software
numberOfPlayers=9
numberOfPeriods=20
showInstructions=True
port=12345
instructionX=10
instructionY=10
windowX=500
windowY=10
secondPriceStartingCash=10
secondPriceStartValue=0
secondPriceEndValue=2830
secondPriceMaxBid=56.60
testMode=False
lotteryTicketCount=100
englishMinValue=50
englishMaxValue=250
englishStartingCash=10
englishTickRate=500
englishTickAmount=0.20
englishStartPrice=50
englishEndPrice=250
englishStartScale=0
englishEndScale=300
quizQuestionValue=0.50

[periodSetup]
1=English Full Info
2=English Limited Info
3=English Full Info
4=English Limited Info
5=English Full Info
6=English Limited Info
7=English Full Info
8=English Limited Info
9=English Full Info
10=English Limited Info
11=English Full Info
12=English Limited Info
13=English Full Info
14=English Limited Info
15=English Full Info
16=English Limited Info
17=English Full Info
18=English Limited Info
19=English Full Info
20=English Limited Info

[2ndPriceGroupSetup]
1=1;1;0;0;0;0;0;
2=1;1;0;0;0;0;1;
3=3;3;0;0;0;0;0;
4=2;2;0;2;2;0;0;
5=4;4;0;0;0;0;1;
6=6;5;1;0;0;0;0;
7=7;5;2;0;0;0;0;
8=8;5;3;0;0;0;0;
9=9;5;4;0;0;0;0;
10=10;5;5;0;0;0;0;
11=10;5;5;0;0;0;1;
12=10;5;5;0;0;0;2;
13=10;5;5;0;0;0;3;
14=10;5;5;0;0;0;4;
15=10;5;5;5;5;0;0;
16=10;5;5;6;3;3;0;
17=10;5;5;7;4;3;0;
18=10;5;5;8;4;4;0;
19=10;5;5;9;5;4;0;
20=10;5;5;10;5;5;0;
21=10;5;5;10;5;5;1;
22=10;5;5;10;5;5;2;
23=10;5;5;10;5;5;3;
24=10;5;5;10;5;5;4;

[lotteries]
1-Red=30;90;25;7;1;1;2;2;
1-Blue=30;90;25;6;20;1;0;3;
2-Red=40;80;30;17;0;1;0;2;
2-Blue=40;80;30;16;20;1;0;3;
3-Red=30;90;20;7;0;1;0;2;
3-Blue=30;90;20;6;10;1;0;3;

[secondPrice]
1=2548;2311;607;2490;143;2719;2183;2222;164;357;543;232;
2=525;2335;2158;1517;2782;2558;839;1351;2283;351;558;1598;
3=1527;831;454;58;2814;233;1827;1145;1280;100;1210;2400;
4=1653;1605;528;1681;1991;839;691;988;2295;2424;2006;1599;
5=2441;2475;2367;1126;1722;1113;2179;2197;1753;1839;962;2142;
6=2264;2124;2239;2762;1361;2229;1783;425;1125;2588;2695;1176;
7=2030;1989;2191;1443;2490;2400;2133;1933;1655;1685;448;338;
8=696;701;2253;166;751;1844;646;2644;642;1216;2247;2697;
9=1431;759;2458;66;641;1580;474;2683;2610;1190;1926;2564;
10=1753;736;2537;2183;2537;1860;487;579;1676;1900;2065;660;
11=2806;1616;2505;2111;1941;51;534;814;2573;2325;11;1731;
12=2773;2067;1291;74;1211;595;559;2336;1605;2520;1244;14;
13=2137;1294;106;1612;728;1667;1020;2362;1524;1798;90;1855;
14=1906;1193;741;2558;656;1112;2821;2258;725;806;2241;469;
15=568;412;2198;1080;1341;2560;1885;286;372;2490;2804;647;
16=2775;1752;85;905;1304;479;206;975;1976;2266;998;17;
17=2684;831;1680;493;2529;1816;2119;1331;1883;2468;1044;316;
18=2300;2771;1021;1795;2743;2635;1483;2247;1219;94;2613;1734;
19=1026;1916;954;245;600;1266;1323;1132;2244;2180;1226;510;
20=85;
21=80;
22=66;
23=38;
24=71;

[englishValues]
1=101
2=74
3=70
4=112
5=129
6=191
7=53
8=114
9=139
10=157
11=155
12=118
13=156
14=197
15=216
16=245
17=59
18=244
19=200
20=113

[englishSignals]
1=107;96;98;101;105;96;96;106;107;96;6;
2=76;72;69;68;73;74;68;72;74;76;6;
3=70;73;74;66;74;71;66;68;76;66;6;
4=118;112;115;109;118;107;116;114;112;109;6;
5=130;124;128;127;134;125;126;129;127;126;6;
6=215;203;190;167;210;173;179;167;203;172;30;
7=78;69;79;65;32;33;57;70;26;38;30;
8=126;111;134;96;86;106;105;112;101;120;30;
9=130;150;109;149;128;124;169;148;139;154;30;
10=177;171;183;147;149;178;140;169;137;170;30;
11=163;153;153;130;160;152;178;141;129;151;30;
12=139;138;138;93;139;101;133;103;110;143;30;
13=137;181;143;144;151;185;158;155;176;138;30;
14=175;207;185;201;226;220;180;223;171;220;30;
15=208;229;221;189;241;186;241;236;215;195;30;
16=220;274;234;231;247;258;225;225;255;252;30;
17=85;52;56;82;46;40;61;44;36;88;30;
18=214;264;225;244;246;242;234;228;237;239;30;
19=173;212;170;211;176;180;190;171;172;185;30;
20=125;85;98;110;141;143;99;126;129;127;30;

[englishGroups]
1=1;0;0;0;0;0;0;
2=2;0;0;0;0;0;0;
3=3;0;0;0;0;0;0;
4=4;0;0;0;0;0;0;
5=5;0;0;0;0;0;0;
6=6;0;0;0;0;0;0;
7=7;0;0;0;0;0;0;
8=7;0;0;0;0;0;1;
9=7;0;0;0;0;0;2;
10=7;0;0;0;0;0;3;
11=7;4;0;0;0;0;0;
12=7;5;0;0;0;0;0;
13=7;6;0;0;0;0;0;
14=7;7;0;0;0;0;0;
15=7;7;0;0;0;0;1;
16=7;7;0;0;0;0;2;
17=7;7;0;0;0;0;3;
18=7;7;4;0;0;0;0;
19=7;7;5;0;0;0;0;
20=7;7;6;0;0;0;0;
21=7;7;7;0;0;0;0;
22=7;7;7;0;0;0;1;
23=7;7;7;0;0;0;2;
24=7;7;7;0;0;0;3;

[exchangeRate]
1=50
2=51
3=52
4=53
5=55
6=55
7=56
8=30
9=30
10=30
11=50
12=51
13=52
14=53
15=55
16=55
17=56
18=30
19=30
20=30
21=50
22=51
23=52
24=53
25=55
26=55
27=56
28=30
29=30
30=30
31=50
32=51
33=52
34=53
35=55
36=55
37=56
38=30
39=30
40=30
[groupSetup]
1=1
2=1
3=2
4=2
5=2
6=2
7=2
8=2
9=2
10=10
11=10
12=10
13=10
14=10
15=10
16=10
17=10
18=10
19=10
20=10
21=10
22=10
23=10
24=10
