[gameSettings]
gameName=ESI Software
numberOfPlayers=24
numberOfPeriods=20
showInstructions=True
port=12345
instructionX=10
instructionY=10
windowX=500
windowY=10
secondPriceStartingCash=0
secondPriceStartValue=0
secondPriceEndValue=2830
secondPriceMaxBid=56.60
testMode=False
lotteryTicketCount=100
englishMinValue=50
englishMaxValue=200
englishStartingCash=10
englishTickRate=500
englishTickAmount=0.20
englishStartPrice=50
englishEndPrice=200
englishStartScale=0
englishEndScale=250
quizQuestionValue=2.00

[periodSetup]
1=English Full Info
2=English Limited Info
3=English Full Info
4=English Limited Info
5=English Full Info
6=English Limited Info
7=English Full Info
8=English Limited Info
9=English Full Info
10=English Limited Info
11=English Full Info
12=English Limited Info
13=English Full Info
14=English Limited Info
15=English Full Info
16=English Limited Info
17=English Full Info
18=English Limited Info
19=English Full Info
20=English Limited Info

[2ndPriceGroupSetup]
1=1;1;0;0;0;0;0;
2=1;1;0;0;0;0;1;
3=3;3;0;0;0;0;0;
4=2;2;0;2;2;0;0;
5=4;4;0;0;0;0;1;
6=6;5;1;0;0;0;0;
7=7;5;2;0;0;0;0;
8=8;5;3;0;0;0;0;
9=9;5;4;0;0;0;0;
10=10;5;5;0;0;0;0;
11=10;5;5;0;0;0;1;
12=10;5;5;0;0;0;2;
13=10;5;5;0;0;0;3;
14=10;5;5;0;0;0;4;
15=10;5;5;5;5;0;0;
16=10;5;5;6;3;3;0;
17=10;5;5;7;4;3;0;
18=10;5;5;8;4;4;0;
19=10;5;5;9;5;4;0;
20=10;5;5;10;5;5;0;
21=10;5;5;10;5;5;1;
22=10;5;5;10;5;5;2;
23=10;5;5;10;5;5;3;
24=10;5;5;10;5;5;4;

[lotteries]
1-Red=30;90;25;7;1;1;2;2;
1-Blue=30;90;25;6;20;1;0;3;
2-Red=40;80;30;17;0;1;0;2;
2-Blue=40;80;30;16;20;1;0;3;
3-Red=30;90;20;7;0;1;0;2;
3-Blue=30;90;20;6;10;1;0;3;

[secondPrice]
1=2548;2311;607;2490;143;2719;2183;2222;164;357;543;232;
2=525;2335;2158;1517;2782;2558;839;1351;2283;351;558;1598;
3=1527;831;454;58;2814;233;1827;1145;1280;100;1210;2400;
4=1653;1605;528;1681;1991;839;691;988;2295;2424;2006;1599;
5=2441;2475;2367;1126;1722;1113;2179;2197;1753;1839;962;2142;
6=2264;2124;2239;2762;1361;2229;1783;425;1125;2588;2695;1176;
7=2030;1989;2191;1443;2490;2400;2133;1933;1655;1685;448;338;
8=696;701;2253;166;751;1844;646;2644;642;1216;2247;2697;
9=1431;759;2458;66;641;1580;474;2683;2610;1190;1926;2564;
10=1753;736;2537;2183;2537;1860;487;579;1676;1900;2065;660;
11=2806;1616;2505;2111;1941;51;534;814;2573;2325;11;1731;
12=2773;2067;1291;74;1211;595;559;2336;1605;2520;1244;14;
13=2137;1294;106;1612;728;1667;1020;2362;1524;1798;90;1855;
14=1906;1193;741;2558;656;1112;2821;2258;725;806;2241;469;
15=568;412;2198;1080;1341;2560;1885;286;372;2490;2804;647;
16=2775;1752;85;905;1304;479;206;975;1976;2266;998;17;
17=2684;831;1680;493;2529;1816;2119;1331;1883;2468;1044;316;
18=2300;2771;1021;1795;2743;2635;1483;2247;1219;94;2613;1734;
19=1026;1916;954;245;600;1266;1323;1132;2244;2180;1226;510;
20=85;
21=80;
22=66;
23=38;
24=71;

[englishValues]
1=130.45
2=101.38
3=84.46
4=100.98
5=61.64
6=190.08
7=140.38
8=175.96
9=91.34
10=112.62
11=65.12
12=106.46
13=80.57
14=92.42
15=168.12
16=62.51
17=68.33
18=194.74
19=66.58
20=105.31

[englishSignals]
1=128.70;126.51;129.31;127.56;132.57;131.26;129.84;131.40;129.98;127.16;6;
2=99.08;106.04;106.41;102.79;95.96;96.63;99.83;101.07;96.06;100.18;6;
3=79.56;88.71;81.20;85.20;84.08;89.69;80.65;87.54;88.37;78.59;6;
4=101.85;105.68;101.36;98.24;106.29;105.54;104.53;100.52;96.19;99.34;6;
5=58.14;64.83;67.21;66.35;55.87;64.91;55.71;56.44;66.41;66.38;6;
6=179.83;186.67;184.96;197.15;191.01;198.97;198.48;187.57;180.58;189.55;12;
7=148.27;140.97;149.74;146.84;146.59;139.80;147.53;130.03;136.48;147.30;12;
8=193.73;188.26;166.65;167.60;163.57;186.01;173.17;160.21;171.16;173.20;18;
9=98.56;85.19;108.93;75.43;87.43;109.31;103.10;78.07;93.38;89.21;18;
10=90.46;127.55;125.94;112.59;136.13;93.96;126.31;117.41;120.81;121.56;24;
11=67.37;69.64;60.11;64.22;69.54;68.21;69.38;65.89;59.75;59.28;6;
12=108.31;109.87;105.06;101.85;112.34;103.33;106.53;105.10;103.98;112.42;6;
13=83.01;85.66;84.97;82.90;83.87;76.84;75.24;77.07;86.40;84.16;6;
14=86.52;95.50;93.17;92.64;93.77;92.64;94.27;89.07;88.70;93.33;6;
15=162.25;172.58;170.38;162.34;163.51;167.50;165.48;163.06;169.17;166.82;6;
16=65.40;51.99;57.15;57.19;71.47;73.80;73.47;61.94;56.30;60.14;12;
17=56.60;72.24;61.89;79.56;61.70;57.09;57.69;79.78;57.12;79.87;12;
18=189.16;195.69;182.31;179.01;204.52;198.81;177.93;205.60;203.84;177.30;18;
19=74.80;78.44;57.10;78.19;68.55;53.59;66.67;75.42;53.54;52.56;18;
20=125.27;103.90;101.14;122.25;123.41;103.27;122.60;82.74;125.50;91.16;24;

[englishGroups]
1=1;0;0;0;0;0;0;
2=2;0;0;0;0;0;0;
3=3;0;0;0;0;0;0;
4=4;0;0;0;0;0;0;
5=5;0;0;0;0;0;0;
6=6;0;0;0;0;0;0;
7=7;0;0;0;0;0;0;
8=7;0;0;0;0;0;1;
9=7;0;0;0;0;0;2;
10=7;0;0;0;0;0;3;
11=7;4;0;0;0;0;0;
12=7;5;0;0;0;0;0;
13=7;6;0;0;0;0;0;
14=7;7;0;0;0;0;0;
15=7;7;0;0;0;0;1;
16=7;7;0;0;0;0;2;
17=7;7;0;0;0;0;3;
18=7;7;4;0;0;0;0;
19=7;7;5;0;0;0;0;
20=7;7;6;0;0;0;0;
21=7;7;7;0;0;0;0;
22=7;7;7;0;0;0;1;
23=7;7;7;0;0;0;2;
24=7;7;7;0;0;0;3;

[exchangeRate]
1=50
2=51
3=52
4=53
5=55
6=55
7=56
8=30
9=30
10=30
11=50
12=51
13=52
14=53
15=55
16=55
17=56
18=30
19=30
20=30
21=50
22=51
23=52
24=53
25=55
26=55
27=56
28=30
29=30
30=30
31=50
32=51
33=52
34=53
35=55
36=55
37=56
38=30
39=30
40=30
[groupSetup]
1=1
2=1
3=2
4=2
5=2
6=2
7=2
8=2
9=2
10=10
11=10
12=10
13=10
14=10
15=10
16=10
17=10
18=10
19=10
20=10
21=10
22=10
23=10
24=10
