[gameSettings]
gameName=ESI Software
numberOfPlayers=14
numberOfPeriods=22
showInstructions=True
port=12345
instructionX=10
instructionY=10
windowX=500
windowY=10
secondPriceStartingCash=0
secondPriceStartValue=0
secondPriceEndValue=2830
secondPriceMaxBid=50
secondPriceExampleCount=3
testMode=False
lotteryTicketCount=100
englishMinValue=15
englishMaxValue=100
englishStartingCash=10
englishTickRate=100
englishTickAmount=0.20
englishStartPrice=15
englishEndPrice=100
englishStartScale=0
englishEndScale=115
englishBidMode=full
englishPriceMode=first
englishStartDelay=5
quizQuestionValue=0.50
practicePeriods=2

[periodSetup]
1=CV Limited Info
2=CV Limited Info
3=CV Limited Info
4=CV Limited Info
5=CV Limited Info
6=CV Limited Info
7=CV Limited Info
8=CV Limited Info
9=CV Limited Info
10=CV Limited Info
11=CV Limited Info
12=CV Limited Info
13=CV Limited Info
14=CV Limited Info
15=CV Limited Info
16=CV Limited Info
17=CV Limited Info
18=CV Limited Info
19=CV Limited Info
20=CV Limited Info
21=CV Full Info
22=CV Full Info

[2ndPriceGroupSetup]
1=1;1;0;0;0;0;0;
2=2;2;0;0;0;0;0;
3=3;3;0;0;0;0;0;
4=2;2;0;2;2;0;0;
5=5;5;0;0;0;0;0;
6=6;3;3;0;0;0;0;
7=7;4;3;0;0;0;0;
8=8;4;4;0;0;0;0;
9=9;5;4;0;0;0;0;
10=10;5;5;0;0;0;0;
11=10;5;5;0;0;0;1;
12=10;5;5;0;0;0;2;
13=10;5;5;3;3;0;0;
14=10;5;5;4;4;0;0;
15=10;5;5;5;5;0;0;
16=10;5;5;6;3;3;0;
17=10;5;5;7;4;3;0;
18=10;5;5;8;4;4;0;
19=10;5;5;9;5;4;0;
20=10;5;5;10;5;5;0;
21=10;5;5;10;5;5;1;
22=10;5;5;10;5;5;2;
23=10;5;5;10;5;5;3;
24=10;5;5;10;5;5;4;

[2ndPriceInstructionSetup]
1-large=154;2261;2158;2004;1519;891;806;612;345;322;
1-small=154;2611;2262;2121;1663;1281;1262;801;413;353;
2-large=2492;2130;2014;1775;1624;1385;883;634;551;546;
2-small=2492;2652;2368;1992;1985;1741;1467;1426;983;611;
3-large=1199;2734;1775;1423;1283;1176;970;926;650;420;
3-small=1199;2771;2602;2579;2184;1343;1293;722;533;136;
4-large=2666;2373;2343;1668;1623;1591;1378;979;884;807;
4-small=2666;2441;2094;2067;1192;1138;631;626;520;195;

[lotteries]
1-Red=30;90;25;7;1;1;2;2;
1-Blue=30;90;25;6;20;1;0;3;
2-Red=40;80;30;17;0;1;0;2;
2-Blue=40;80;30;16;20;1;0;3;
3-Red=30;90;20;7;0;1;0;2;
3-Blue=30;90;20;6;10;1;0;3;

[secondPrice]
1=1333;2530;1237;705;2432;2458;298;1163;578;1655;2034;1929;
2=1286;1252;1863;746;1524;1634;1858;971;2827;1710;1966;1306;
3=640;524;1795;1228;2507;2164;27;2581;248;1094;599;2741;
4=706;1610;28;343;1008;1910;1683;2219;1736;1041;2323;2438;
5=762;2551;2762;1762;1468;558;1414;2454;564;2761;65;1908;
6=663;1901;1486;1244;1627;2283;1680;191;653;1952;40;2745;
7=1605;1514;2794;916;27;2577;2401;2429;1032;2187;466;2787;
8=2232;1096;1113;2521;2511;975;2177;775;1544;951;2511;1938;
9=423;438;592;2283;2191;2131;1784;1640;2511;17;156;2784;
10=594;497;2426;817;360;466;875;1306;1434;1530;1842;531;
11=1170;1990;511;2508;2606;2095;1200;654;1834;856;493;2419;
12=1985;117;238;1731;402;1657;276;2215;939;1159;1926;2013;
13=1380;1359;414;1078;75;1204;503;1724;1426;61;1112;201;
14=1620;2107;1865;415;1647;2332;949;2568;4;6;1663;243;
15=228;1975;903;2608;1253;2458;2422;11;63;1329;1128;1246;
16=1680;122;579;630;353;1600;993;1924;1835;36;111;1126;
17=2622;2691;567;1437;210;2188;2009;1373;2526;171;850;931;
18=300;726;470;1799;469;1101;138;291;978;618;1565;1525;
19=1753;319;2215;1234;1844;2570;1238;192;1863;2608;2816;1392;
20=1890;984;2632;706;2150;2585;1550;1508;2103;2479;329;2457;
21=80;
22=66;
23=38;
24=71;

[englishValues]
1=83.52
2=52.29
3=58.20
4=63.98
5=45.76
6=54.35
7=50.30
8=93.60
9=78.57
10=26.96
11=31.11
12=73.04
13=30.93
14=22.09
15=28.73
16=66.29
17=78.38
18=79.18
19=41.17
20=42.15
21=75.50
22=38.44

[englishSignals]
1=85.06;85.73;86.77;86.10;80.24;88.31;79.67;79.45;87.76;78.85;5;
2=52.36;53.74;50.41;50.24;49.67;55.75;52.12;49.25;48.37;47.90;5;
3=54.03;53.68;53.56;59.77;58.49;61.30;54.86;54.26;54.40;55.88;5;
4=64.05;60.79;59.47;67.06;61.15;61.20;63.77;62.98;64.86;59.87;5;
5=49.31;44.63;41.72;44.45;43.08;43.18;50.48;44.55;49.99;50.61;5;
6=52.60;49.85;54.54;49.66;55.71;58.69;55.47;50.28;52.87;56.32;5;
7=51.68;46.05;48.05;48.78;48.83;50.71;54.44;45.72;55.03;47.94;5;
8=91.71;96.98;92.94;95.75;98.08;88.77;96.09;88.91;92.30;96.94;5;
9=82.92;81.67;80.85;81.97;83.28;76.18;77.95;75.47;80.71;76.10;5;
10=25.84;24.27;30.92;26.88;31.38;31.90;26.73;21.99;28.20;22.83;5;
11=27.62;26.79;28.26;31.13;31.14;34.31;26.58;29.82;32.68;32.60;5;
12=76.65;70.03;69.73;68.40;75.61;72.95;76.17;68.92;77.67;72.86;5;
13=35.84;29.32;26.68;30.22;31.25;26.70;30.16;35.49;34.55;30.55;5;
14=25.12;23.97;20.69;20.69;19.81;21.92;26.80;27.06;23.22;24.48;5;
15=23.98;25.19;29.82;30.63;33.69;26.30;30.47;24.10;32.23;32.79;5;
16=71.24;66.80;61.75;62.45;63.81;61.98;70.08;70.49;70.95;68.67;5;
17=74.10;83.34;75.27;80.67;80.54;74.26;77.41;83.28;78.21;78.24;5;
18=78.70;77.91;74.34;81.65;77.97;75.94;80.07;74.92;77.38;74.80;5;
19=39.57;36.80;43.14;39.61;38.44;39.33;45.29;37.31;45.45;43.19;5;
20=45.94;45.50;41.09;41.27;37.82;43.18;39.61;46.26;42.33;42.18;5;
21=70.03;81.27;80.10;74.04;80.79;80.28;70.51;69.92;70.21;76.87;6;
22=36.34;44.09;35.25;40.25;36.54;35.42;41.71;43.20;41.61;38.96;6;

[englishGroups]
1=1;0;0;0;0;0;0;
2=2;0;0;0;0;0;0;
3=3;0;0;0;0;0;0;
4=4;0;0;0;0;0;0;
5=5;0;0;0;0;0;0;
6=5;0;0;0;0;0;1;
7=5;0;0;0;0;0;2;
8=5;0;0;0;0;0;3;
9=5;4;0;0;0;0;0;
10=5;5;0;0;0;0;0;
11=6;5;0;0;0;0;0;
12=6;6;0;0;0;0;0;
13=6;6;0;0;0;0;1;
14=6;6;0;0;0;0;2;
15=4;4;4;0;0;0;3;
16=4;4;4;4;0;0;0;
17=4;4;4;4;0;0;1;
18=4;4;4;4;0;0;2;
19=4;4;4;4;0;0;3;
20=4;4;4;4;4;0;0;
21=4;4;4;4;4;0;1;
22=4;4;4;4;4;0;2;
23=4;4;4;4;4;0;3;
24=4;4;4;4;4;4;0;

[englishTiming]
2=0.10
3=0.25
4=1.00
5=1.00
6=1.00
7=1.00

[exchangeRate]
1=50
2=51
3=52
4=53
5=55
6=55
7=56
8=30
9=30
10=30
11=50
12=51
13=52
14=53
15=55
16=55
17=56
18=30
19=30
20=30
21=50
22=51
23=52
24=53
25=55
26=55
27=56
28=30
29=30
30=30
31=50
32=51
33=52
34=53
35=55
36=55
37=56
38=30
39=30
40=30
